verge:1.404
cardano:357.009
ripple:141
aelf:60
iota:45
stratis:14.95025
binance-coin:14.48860028
eos:5.66533
ethereum-classic:5.01872
neo:1.47
ethereum:0.74152521
monero:0.457
dash:0.24
